286,115,179.0,1333.3929681495183,0.0,20.740781084616838,7.449122727092281,0.0,0.0,-3.5711988289007,18.74593289223025,0.0,0.0,0.0,1.98992462963575,46,4,0,0
286,157,223.0,1751.1138937772007,0.0,16.909760495051337,7.85252867164664,0.0,0.0,-2.713272535672998,3.9357337308308855,0.0,0.0,0.0,2.278443008382391,36,3,0,0
286,133,253.0,1883.8058103766464,0.0,18.16204834262922,7.44587276828714,0.0,0.0,-2.5548640870155976,2.063735944751471,0.0,0.0,0.0,2.1381091371389176,57,5,1,0
286,131,595.0,3085.439392833251,0.0,13.776792079435584,5.185612424929833,0.0,0.0,-2.2416191315325555,1.7584527208871714,0.0,0.0,0.0,2.088445587543051,130,8,3,0
286,144,444.0,2482.5172291964836,0.0,16.763054614240264,5.591255020712801,0.0,0.0,-2.3468274630286743,2.134530891344527,0.0,0.0,0.0,2.0966889778945146,93,8,0,0
286,141,293.0,1909.6682491943016,0.0,15.420765220961037,6.51763907574847,0.0,0.0,-3.3520363441097665,9.758073580374356,1.420933905236975E-18,0.0,0.0,2.2528652742325934,44,2,0,0
286,13,442.0,6790.43735822091,0.0,24.86966023089179,15.362980448463597,0.0,0.0,-1.9088728683207847,3.40587727318528,0.0,0.0,0.0,2.661132117237075,41,4,0,0
286,94,491.0,1834.2863429568192,0.0,15.160474926597788,3.7358173990973915,0.0,0.0,-2.594461486186311,2.4166349678092907,0.0,0.0,0.0,1.3118743202956955,208,12,1,0
286,99,240.0,1660.0024493543096,0.0,13.379461872586637,6.9166768723096235,0.0,0.0,-2.2391234509486377,11.3,0.0,0.0,0.0,2.3990482398631436,28,1,0,0
286,129,231.0,1718.6792738552908,0.0,16.434719346554136,7.440170016689571,0.0,0.0,-2.887311393751169,6.726812023536855,-1.081386062946581E-18,0.0,0.0,2.4806484974283647,24,0,0,0
286,108,269.0,1766.708794770403,0.0,20.77618829333234,6.567690686878822,0.0,0.0,-2.7614506613227707,17.503428235634296,8.25444627974094E-19,0.0,0.0,1.7998944345808618,71,3,0,0
286,76,311.0,2098.118244691183,0.0,16.124515496597088,6.746360915405734,0.0,0.0,-2.7868951261077353,2.151195694741414,0.0,0.0,0.0,2.3424785767903864,53,5,1,0
286,189,235.0,1873.1409912084011,0.0,19.30802941783537,7.970812728546388,0.0,0.0,-2.283486967933486,12.020815280171307,0.0,0.0,0.0,2.180216975958317,59,5,0,0
286,120,925.0,10778.251743871871,0.0,19.93037882229033,11.65216404742905,0.0,0.0,-3.4049688781602487,6.25859409132754,0.0,0.0,0.0,2.6804469885906324,77,4,0,0
286,37,671.0,2739.1196234482595,0.0,16.5096941219394,4.0821454894907,0.0,0.0,-2.30457379689744,4.561797891182818,0.0,0.0,0.0,1.7286671735886674,186,18,1,0
286,33,736.0,11430.505949268188,0.0,27.288275870783608,15.530578735418734,0.0,0.0,-3.3651640987621043,11.20044641967453,0.0,0.0,0.0,2.8503738138374923,38,2,1,0
286,6,265.0,1187.9771236202043,0.0,90.43146576275313,4.482932541963035,0.0,0.0,-81.75448472093912,81.3490651990255,3.773584905660498E-4,0.0,0.0,2.0345809835235578,59,5,1,0
286,100,562.0,3085.8191586745634,0.0,16.335544068074366,5.490781421129117,0.0,0.0,-2.2939648911330046,2.2402860312499904,0.0,0.0,0.0,2.0369516751027543,133,5,3,0
286,188,188.0,1632.336732796793,0.0,18.018878988438832,8.682642195727622,0.0,0.0,-3.2489810151311938,12.354756169184402,0.0,0.0,0.0,2.1231559616625515,36,1,0,0
286,123,178.0,1103.977864717815,0.0,21.198584858428653,6.202122835493343,0.0,0.0,-3.4739605079627145,10.962207806824317,0.0,0.0,0.0,1.8778759266261662,50,1,0,0
286,71,352.0,1894.6236785108872,0.0,14.991330828181951,5.382453632133203,0.0,0.0,-2.2733650804725505,3.343835071544513,0.0,0.0,0.0,1.7994362050403574,111,7,1,0
286,156,388.0,3222.020820499768,0.0,20.152667317256046,8.304177372422082,0.0,0.0,-2.7571453754471644,17.986939706353606,0.0028815308988399354,0.0,0.0,2.4979055383658855,41,4,0,0
286,78,246.0,2741.268740298632,0.0,23.443975772040012,11.14336886300257,0.0,0.0,-3.391779024133289,12.637246535539298,-9.026203452237046E-19,0.0,0.0,2.7960890984593303,12,1,0,0
286,106,166.0,1456.4402946434166,0.0,18.804254837668996,8.773736714719377,0.0,0.0,-5.9550152573503965,11.15168148756052,1.1704158392132674E-18,0.0,0.0,2.0941665235608684,34,2,0,0
286,58,388.0,1944.1675034198763,0.0,14.003570973148289,5.010740988195558,0.0,0.0,-2.088816690847082,2.3753301254435852,0.0,0.0,0.0,2.0796903402667017,80,6,1,0
286,112,366.0,1400.5287665751216,0.0,13.519245541079588,3.826581329440223,0.0,0.0,-3.601215970613988,9.035485598461214,0.004447765190191224,0.0,0.0,2.0150650529462584,73,10,0,0
286,12,222.0,1645.22009124218,0.0,14.905368160498394,7.4109013119017115,0.0,0.0,-2.091687996547153,11.458621208504974,-7.50150692314295E-19,0.0,0.0,2.694361872832674,11,1,0,0
286,53,250.0,1883.3092789063367,0.0,15.008331019803634,7.533237115625346,0.0,0.0,-3.2467434540040667,2.074818214114261,8.000000000001818E-4,0.0,0.0,2.3802353577574684,41,4,1,0
286,61,333.0,3318.920985039854,0.0,21.048752932181053,9.966729684804365,0.0,0.0,-3.465587259214251,17.051979357247653,0.04123310123075356,0.0,0.0,2.5574259398088337,30,3,0,0
286,174,520.0,8467.829427395396,0.0,28.764735354248955,16.28428736037576,0.0,0.0,-4.974055872542806,12.397580409095962,2.719641466094999E-4,0.0,0.0,2.750201425097377,37,1,0,0
286,55,475.0,3568.5673827968817,0.0,18.840382161729085,7.51277343746712,0.0,0.0,-6.686241194724161,12.515989773086266,7.01193489236941E-18,0.0,0.0,2.1406030355913224,96,9,0,0
286,26,198.0,1607.6374807599914,0.0,17.336666346215463,8.119381215959553,0.0,0.0,-2.6418992716166354,12.593649193144934,0.00564663630681765,0.0,0.0,2.064835947766588,45,6,0,0
286,8,180.0,1425.9214723228995,0.0,18.257053431482333,7.921785957349441,0.0,0.0,-3.389777416395126,10.616967551989598,0.0,0.0,0.0,1.9550855040666382,46,3,1,0
286,140,291.0,2006.8781793045782,0.0,22.40580281980542,6.896488588675527,0.0,0.0,-11.715620407891182,11.291847628245602,0.0,0.0,0.0,2.340206006322601,55,3,0,0
286,164,334.0,1159.7025287526635,0.0,15.599999999999978,3.4721632597385135,0.0,0.0,-3.2202472963673587,14.450605523645022,0.024103191092908656,0.0,0.0,1.6350516195570792,114,6,3,0
286,79,404.0,7277.655665889655,0.0,27.750315313523927,18.013999172994197,0.0,0.0,-3.234202158027638,23.425200105868893,0.0,0.0,0.0,2.656988308311078,28,0,0,0
286,113,588.0,3138.81102499515,0.0,15.57080601638839,5.33811398808699,0.0,0.0,-3.5509677267847346,5.745432968889291,3.021015032993623E-18,0.0,0.0,2.363987003634666,72,6,0,0
286,62,405.0,3684.6895356064365,0.0,20.511947737842945,9.097998853349226,0.0,0.0,-5.671579121271369,16.794344286098223,0.028864609402589003,0.0,0.0,2.8319007889338614,19,2,0,0
286,196,194.0,1748.9059360206033,0.0,183.68478434535612,9.014979051652595,0.0,0.0,-172.54476639204924,170.86877872737975,5.154639175256981E-4,0.0,0.0,2.319840488659275,16,1,0,0
286,56,332.0,1788.646191211308,0.0,16.524527224704528,5.387488527744903,0.0,0.0,-3.352478650330214,14.50861812854691,0.0,0.0,0.0,1.9853429126949556,87,10,1,0
286,44,558.0,5611.481212799183,0.0,38.07571404451922,10.056417944084556,0.0,0.0,-22.493352220970138,25.076867941883833,0.0,0.0,0.0,2.4763390329763064,73,5,1,0
286,168,235.0,1022.5931702663504,0.0,16.96643745752183,4.351460299005747,0.0,0.0,-1.3651944762738522,5.166236541235796,0.0,0.0,0.0,1.5803708477698164,91,1,2,0
286,17,465.0,1465.0973583033785,0.0,13.384319183283116,3.15074700710404,0.0,0.0,-3.589002256566644,3.647538268535394,0.0,0.0,0.0,1.6738578835561582,131,12,0,0
286,134,171.0,1441.9013988336956,0.0,21.505813167606526,8.432171923004068,0.0,0.0,-3.4996108215267103,20.152667317256046,0.0,0.0,0.0,2.1604312076418903,21,0,0,0
286,162,244.0,1919.000993051144,0.0,14.286357128393501,7.8647581682423935,0.0,0.0,-3.7562512903213605,3.2196171667310534,4.0983606557363074E-4,0.0,0.0,2.5916676921394495,19,0,1,0
286,82,189.0,1488.1974251475717,0.0,17.28872464931981,7.874060450516253,0.0,0.0,-2.315416515891017,11.172287142747452,0.0,0.0,0.0,2.231175915342842,29,1,0,0
286,22,237.0,1807.988618364208,0.0,14.957606760441255,7.628643959342649,0.0,0.0,-2.2559181516293463,3.710795063055895,0.0,0.0,0.0,2.359512326861689,35,1,0,0
286,67,832.0,9189.705391495794,0.0,29.251495688254987,11.045318980163215,0.0,0.0,-17.62179233864198,22.751495688254987,3.336006684570783E-20,0.0,0.0,2.807650189056657,39,3,0,0
286,39,314.0,1952.6483494903855,0.0,16.311039206623267,6.218625316848361,0.0,0.0,-2.5454891845517142,2.2998869308034777,0.0,0.0,0.0,2.1514356518833373,75,4,1,0
286,142,190.0,1488.8137488106895,0.0,19.697715603592183,7.835861835845734,0.0,0.0,-3.0699450646851263,15.864740779476984,-1.1686558153949016E-18,0.0,0.0,1.8772216664706576,62,2,2,0
286,3,213.0,1557.2606844520037,0.0,19.177069640588993,7.311083025596262,0.0,0.0,-2.2416766078359593,10.870602559196064,0.0,0.0,0.0,2.1734286763619743,34,1,1,0
286,40,284.0,2093.586363187321,0.0,17.502571239677902,7.371782968969439,0.0,0.0,-3.3016659639274772,2.6570660511172846,0.0,0.0,0.0,2.2411061780712327,48,2,0,0
286,197,268.0,1759.322094809108,0.0,13.865424623862078,6.564634682123537,0.0,0.0,-2.1381060897725686,3.944616584663204,0.0,0.0,0.0,2.077215422393237,66,4,1,0
286,193,234.0,1620.9398967033558,0.0,15.115885683611138,6.927093575655366,0.0,0.0,-1.3915718818470628,11.303096920755834,0.0,0.0,0.0,2.189984591931013,54,1,0,0
286,80,575.0,3926.9423376273703,0.0,62.481997407253246,6.829464935004122,0.0,0.0,-51.22810919028576,48.652680721313914,-6.033820786006285E-18,0.0,0.0,2.4764565128894076,69,4,1,0
286,77,219.0,1144.7366031713027,0.0,11.088733020503307,5.2271077770379115,0.0,0.0,-1.622622793512555,9.433981132056605,0.0,0.0,0.0,2.3098655917838613,31,1,0,0
286,121,199.0,1592.390390309818,0.0,17.280335644888385,8.001961760350845,0.0,0.0,-2.8083003876200836,11.640017182117903,0.0,0.0,0.0,2.1228221431742407,37,1,0,0
286,41,615.0,2520.831571880544,0.0,18.33057555015669,4.098913125009014,0.0,0.0,-2.403525024667119,2.146085223822105,0.0,0.0,0.0,1.6545988852338311,182,11,1,0
286,122,203.0,1623.4109658399857,0.0,19.549424543960406,7.997098353891555,0.0,0.0,-3.297833809986154,14.56193668438371,0.0,0.0,0.0,2.0593384763022025,53,4,1,0
286,147,246.0,600.9043751475814,0.0,11.606894502837529,2.442700711982038,0.0,0.0,-2.4093729173592715,9.773944955850734,0.0,0.0,0.0,1.494125700644613,80,2,2,0
286,90,561.0,3804.2468801268674,0.0,19.23798326228607,6.781188734628997,0.0,0.0,-2.426473250345076,2.684674673715225,3.9580143480397735E-19,0.0,0.0,2.175809571101731,102,4,1,0
286,66,167.0,771.781588058839,0.0,12.722421153223936,4.621446635082869,0.0,0.0,-1.5128947293130288,9.39414711402797,8.468344684869556E-4,0.0,0.0,1.6649506803804939,58,4,2,0
286,2,551.0,8866.93335311449,0.0,27.921318020465847,16.092438027431015,0.0,0.0,-2.2343355167172056,6.741661516273269,0.0,0.0,0.0,2.7437168039615143,42,3,0,0
286,34,250.0,1669.7652452152736,0.0,17.718069872308327,6.679060980861094,0.0,0.0,-3.3836428482277174,15.861904047118681,-1.7763568394002505E-18,0.0,0.0,2.08108041173923,62,7,1,0
286,20,580.0,7209.809173973604,0.0,22.412942689437035,12.430705472368283,0.0,0.0,-1.6164721483484907,2.555912098829273,2.4382992454658633E-4,0.0,0.0,2.4823255450696546,82,4,2,0
286,136,1193.0,1857.5392523821502,0.0,18.009997223764355,1.5570320640252726,0.0,0.0,-2.1017463909118472,2.307384886729799,0.0,0.0,0.0,0.4577339216744039,834,65,16,0
286,152,947.0,11077.518837114192,0.0,20.821623375712253,11.69748557245427,0.0,0.0,-3.283752512467185,5.813776741499454,0.0,0.0,0.0,2.7094535649041034,75,2,2,0
286,72,185.0,1415.78645506059,0.0,17.755280904564675,7.6528997570842705,0.0,0.0,-2.1380313258454358,11.374093370462544,0.0,0.0,0.0,1.9752953213433648,53,6,1,0
286,155,208.0,866.486880425496,0.0,11.720068259186895,4.165802309737962,0.0,0.0,-1.4180278821968169,2.6668699321430136,0.0,0.0,0.0,2.077784139970571,38,2,0,0
286,138,1773.0,25000.34766249769,0.0,26.95514793133235,14.100590898193847,0.0,0.0,-3.5777087639994605,15.195394038984313,0.0,0.0,0.0,2.633091580090779,175,15,1,0
286,128,1665.0,20998.64262007762,0.0,24.580073230159307,12.611797369415987,0.0,0.0,-3.546575714112034,13.5,1.3429837702700676E-4,0.0,0.0,2.694968395756461,152,11,4,0
286,59,281.0,1844.8172106920126,0.0,14.677874505526976,6.565185803174423,0.0,0.0,-1.8770919372883208,5.5901699437494745,-1.9754858089415596E-19,0.0,0.0,2.178319932410311,55,4,1,0
286,35,262.0,1925.8705663383762,0.0,15.322206107476731,7.350651016558688,0.0,0.0,-2.2348802456413033,4.70425339453563,0.0,0.0,0.0,2.253735399088697,56,4,1,0
286,84,174.0,540.4618674185726,0.0,16.81338752304248,3.106102686313636,0.0,0.0,-11.983273652749158,15.286953770795114,0.0,0.0,0.0,1.7371825118704045,48,1,2,0
286,186,611.0,2100.1935803855345,0.0,18.774717041809183,3.4373053688797617,0.0,0.0,-1.8600625881796544,1.4980442645727736,1.6366612111296682E-4,0.0,0.0,1.6167787729070109,198,10,4,0
286,64,239.0,1662.7460058571726,0.0,14.851935900750407,6.957096258816621,0.0,0.0,-2.422214297049062,10.400961494015828,0.0,0.0,0.0,2.2424633904561104,47,2,1,0
286,60,770.0,3501.9287346640403,0.0,18.094197965093695,4.547959395667585,0.0,0.0,-4.917471067936603,14.305593311708536,0.0,0.0,0.0,1.4196841342580024,324,20,8,0
286,81,1232.0,1300.7337178097946,0.0,12.088010589009308,1.055790355365093,0.0,0.0,-2.315128820913153,4.504442251822083,0.0,0.0,0.0,0.5176825681533007,900,48,19,0
286,145,167.0,1154.559120254232,0.0,18.454809671194113,6.913527666193007,0.0,0.0,-3.638714886532709,15.913830462839549,0.0,0.0,0.0,1.8972430424630211,55,3,1,0
286,148,432.0,3419.941822251987,0.0,19.740820651634497,7.916531995953674,0.0,0.0,-3.452512463847053,17.12337583538947,5.13992141030165E-19,0.0,0.0,2.417882755383801,67,1,2,0
286,15,372.0,3240.4528289718446,0.0,19.464840096954347,8.710894701537217,0.0,0.0,-3.3492965803431325,17.27917822120022,0.0,0.0,0.0,2.455840027657254,37,0,0,0
286,29,417.0,2241.0380538572686,0.0,14.99066376115483,5.374191975676903,0.0,0.0,-2.4062219197049863,3.350815943623391,-5.324810669665019E-19,0.0,0.0,2.012260136626506,96,7,1,0
286,5,583.0,3693.5923835298154,0.0,15.202960238058948,6.335492939159203,0.0,0.0,-2.3813004742367747,10.135580891098448,0.0,0.0,0.0,2.263516578773546,109,5,2,0
286,104,383.0,3616.1164505440915,0.0,19.04127096598337,9.441557312125566,0.0,0.0,-2.3337968149124606,11.81905241548577,0.0,0.0,0.0,2.5759641410895386,40,3,0,0
286,194,183.0,1446.0008373017872,0.0,17.813758727455568,7.901643919681898,0.0,0.0,-3.73360033423927,12.016655108639842,0.0,0.0,0.0,2.0259198546912134,46,2,0,0
286,200,497.0,7857.2823697482145,0.0,22.24230203913278,15.809421267099022,0.0,0.0,-1.8949086723086008,7.9202272694664515,2.0120724345966656E-4,0.0,0.0,2.9478257073188163,9,0,0,0
286,21,933.0,4372.619942608125,0.0,13.685393673548411,4.686623732698955,0.0,0.0,-2.4821792335651605,2.205257460697066,0.0,0.0,0.0,2.4404111281804783,125,5,3,0
286,181,202.0,519.3936654719938,0.0,8.16884324736372,2.5712557696633356,0.0,0.0,-1.4800335582844846,5.5901699437494745,0.0,0.0,0.0,2.1837946506146553,22,1,0,0
286,150,419.0,1827.6674706877584,0.0,19.573451407454925,4.361974870376511,0.0,0.0,-2.929452177892861,2.3766477386672253,5.299393912291917E-19,0.0,0.0,1.0959179407141642,212,12,4,0
286,23,665.0,2076.359260588822,0.0,17.630938715791565,3.122344752765146,0.0,0.0,-2.373464849210797,10.384603988597735,5.342426584662408E-18,0.0,0.0,1.131388301550573,321,31,3,0
286,109,534.0,2431.020658710462,0.0,786.3822035117529,4.552473143652551,0.0,0.0,-777.2948496614838,770.9313135697464,5.3224174963303385E-17,0.0,0.0,1.0045246451919785,296,23,7,0
286,175,246.0,2246.626379465267,0.0,15.524174696260074,9.132627558801898,0.0,0.0,-2.330989116521982,3.4481879299133333,0.0033521183948111957,0.0,0.0,2.9929382277388172,1,0,0,0
286,89,223.0,1629.9801475906143,0.0,18.404347312523786,7.309328016101409,0.0,0.0,-2.970625941224273,15.92890454488318,0.0,0.0,0.0,2.161051603920586,44,2,1,0
286,163,234.0,1367.2302250389596,0.0,17.43473544393491,5.842864209568203,0.0,0.0,-2.552494953597674,17.1011695506477,0.033129995629597286,0.0,0.0,2.648537200588318,12,1,0,0
286,178,192.0,1185.8178969722424,0.0,29.964145240603813,6.1761348800637625,0.0,0.0,-22.31561597021461,25.012377879347813,-9.25185853854297E-18,0.0,0.0,1.8602306913705402,66,1,0,0
286,70,405.0,2386.5610537612715,0.0,17.74964788383141,5.892743342620424,0.0,0.0,-3.394222972737193,2.0096596385933374,4.934324553889585E-18,0.0,0.0,2.1467396601997453,87,7,1,0
286,165,278.0,1932.4544944986023,0.0,18.77711372921832,6.951275160066915,0.0,0.0,-4.377242105283794,3.3286633954186473,0.0,0.0,0.0,1.8483349723853988,74,5,0,0
286,124,181.0,1393.0297746827737,0.0,19.479733057719244,7.696297097694882,0.0,0.0,-3.4783711217759343,17.68191166135608,0.0,0.0,0.0,2.0534765603134324,47,0,1,0
286,159,210.0,1470.8726853894282,0.0,17.613914953808518,7.004155644711563,0.0,0.0,-3.4924034670086463,15.795252451290546,0.0,0.0,0.0,2.038391265499756,55,3,2,0
286,10,287.0,1735.7459823236918,0.0,14.759742545180064,6.047895408793352,0.0,0.0,-2.363789475737212,3.605551275463989,0.0,0.0,0.0,1.8384687152379189,93,3,1,0
286,171,226.0,1874.5777203736634,0.0,18.29371476764631,8.294591683069306,0.0,0.0,-2.322413527893019,9.66074531286277,4.424778761062953E-4,0.0,0.0,2.3165111592225767,35,4,0,0
286,88,276.0,1847.5870104173819,0.0,14.27200056053804,6.694155834845587,0.0,0.0,-2.400700025208848,2.9206163733020465,0.0,0.0,0.0,2.226071119857652,57,6,1,0
286,74,318.0,2020.5648978944448,0.0,13.793114224133625,6.353977666334732,0.0,0.0,-5.439638806446517,2.302172886644332,0.0,0.0,0.0,2.2743879540580854,64,5,1,0
286,179,499.0,2178.293725048456,0.0,18.659046063504974,4.365318086269451,0.0,0.0,-2.656910461077809,3.2202324963740496,0.03460150673041528,0.0,0.0,1.0689175018578647,278,21,5,0
286,132,260.0,1847.753481119101,0.0,15.07481343168132,7.106744158150389,0.0,0.0,-1.8359828781489664,9.128526715741156,0.0,0.0,0.0,2.3179839696116677,54,0,1,0
286,87,371.0,3530.7353944696297,0.0,19.590048494069546,9.516806993179594,0.0,0.0,-3.444813312592977,12.78632081562167,-5.985029782345858E-19,0.0,0.0,2.5561355243748785,47,1,1,0
286,107,321.0,1377.9240618853444,0.0,18.018878988438722,4.292598323630356,0.0,0.0,-4.013501462195581,4.6097722286464435,0.0036329918347946188,0.0,0.0,1.882803828635198,83,4,1,0
286,111,560.0,3588.9651583266887,0.0,21.108529081866433,6.408866354154801,0.0,0.0,-3.229193269405766,16.32482771731451,0.0,0.0,0.0,1.8255111119094827,188,11,4,0
286,103,502.0,8753.554437616509,0.0,23.867341703675425,17.437359437483085,0.0,0.0,-1.8091115831255884,3.413209633175202,0.03094581602523451,0.0,0.0,3.053831868057563,1,0,0,0
286,50,200.0,1597.4965762048341,0.0,16.347782724271816,7.987482881024171,0.0,0.0,-2.00387156843581,8.18413098624405,0.0,0.0,0.0,2.3467520958879224,18,0,0,0
286,4,215.0,1680.0881099841192,0.0,17.816004041310745,7.814363302251717,0.0,0.0,-2.4122888673891003,7.940403012442126,0.0,0.0,0.0,2.043279357610159,58,1,2,0
286,110,215.0,1738.9247768806433,0.0,17.734147850968217,8.088022218049504,0.0,0.0,-4.008217455300709,3.4713109915419564,0.0,0.0,0.0,2.1133006300815116,55,5,0,0
286,30,203.0,1506.1473880701546,0.0,15.22662142433444,7.419445261429333,0.0,0.0,-2.125185672479823,10.61037228376083,0.0,0.0,0.0,2.128717035707647,40,3,0,0
286,65,310.0,1536.0302923344898,0.0,17.41838109584241,4.9549364268854506,0.0,0.0,-11.675068881526919,17.228464818433476,0.0,0.0,0.0,1.7665092369196087,106,7,2,0
286,14,403.0,100.6227097891957,0.0,2.469817807045694,0.24968414339750794,0.0,0.0,-1.2049067429783364,1.3,0.0,0.0,0.0,1.154523312893053,154,7,2,0
286,96,224.0,1727.5303894021126,0.0,16.546903033498456,7.7121892384022885,0.0,0.0,-2.080255639323765,5.63205113613149,0.0,0.0,0.0,2.196183996042994,41,2,1,0
286,43,406.0,861.2842118361231,0.0,11.03675676999362,2.1213896843254263,0.0,0.0,-2.2279073593011396,9.972462083156797,-1.367269734760045E-19,0.0,0.0,1.0688413417507991,224,9,7,0
286,173,422.0,6408.580097226403,0.0,1013.5739538879244,15.186208761200009,0.0,0.0,-1009.0795128770752,1003.9692675317751,-1.0523440991707645E-16,0.0,0.0,2.923807739580279,5,0,0,0
286,85,186.0,1455.5670626053811,0.0,20.491949638821563,7.825629368846135,0.0,0.0,-3.636261210502841,15.264337522473747,0.0,0.0,0.0,2.013013763922039,41,3,0,0
286,51,295.0,2145.1133530576612,0.0,16.538742394752948,7.271570688331055,0.0,0.0,-4.156925097228013,10.647065323364933,0.0,0.0,0.0,2.303535010391746,55,3,0,0
286,192,921.0,10275.866358951565,0.0,18.859745491390036,11.157292463573905,0.0,0.0,-6.407389751698486,4.333709047080184,1.5355196117027576E-4,0.0,0.0,2.7780274159906053,53,3,0,0
286,83,441.0,2144.7733804573277,0.0,13.606248564538323,4.863431701717296,0.0,0.0,-2.1827028841245966,2.404145666971602,0.0,0.0,0.0,2.010046337879391,96,4,0,0
286,161,388.0,1588.502502565831,0.0,15.008331019803656,4.094078614860389,0.0,0.0,-1.6879159515510374,11.957006314291215,0.0,0.0,0.0,1.5376255525456217,139,8,2,0
286,86,244.0,1165.9764919425925,0.0,17.203778654702592,4.778592180092592,0.0,0.0,-2.78433628038691,15.211837495845137,0.0,0.0,0.0,1.9529032319348645,60,5,0,0
286,27,493.0,3724.3707599982054,0.0,16.399085340347504,7.554504584174858,0.0,0.0,-2.46046556390311,9.859513172565876,0.011249837423011808,0.0,0.0,2.417810399676769,78,7,1,0
286,52,231.0,2045.2451895473093,0.0,16.546903033498428,8.853875279425582,0.0,0.0,-4.752711243501954,7.355270219373317,9.67994795454703E-4,0.0,0.0,2.8579009374484126,4,0,0,0
286,24,516.0,6484.861018040684,0.0,24.70000000000017,12.567560112481946,0.0,0.0,-2.5367494104799757,12.44266852407473,1.9379844961134549E-4,0.0,0.0,2.8858340610545747,15,1,0,0
286,11,227.0,1691.4046705383707,0.0,14.302447343024877,7.451121896644805,0.0,0.0,-2.909973336259597,9.391485505499118,0.0,0.0,0.0,2.4575708674060786,25,2,0,0
286,38,744.0,10159.958816743607,0.0,39.08657058376968,13.655858624655385,0.0,0.0,-18.118738077762192,19.77103279679604,2.6881720430205354E-4,0.0,0.0,2.476161888014385,90,7,0,0
286,143,326.0,3202.4554561603386,0.0,63.305765930126775,9.823482994356867,0.0,0.0,-48.75619548973232,48.13045703705972,0.0033179919712858228,0.0,0.0,2.807943456239643,7,0,0,0
286,114,179.0,1216.112931036545,0.0,20.64000968992021,6.793926989030978,0.0,0.0,-2.377126333071171,16.54146305500212,0.0,0.0,0.0,1.9310088916440593,52,3,0,0
286,166,183.0,1569.2915600149884,0.0,19.03943276465982,8.575363715928898,0.0,0.0,-4.349748495563923,10.701868995647441,0.0,0.0,0.0,1.962867591023894,52,6,1,0
286,48,248.0,1684.1034470132702,0.0,12.13424904969401,6.7907397056986705,0.0,0.0,-2.213312173796222,7.887331614684398,0.0,0.0,0.0,2.5367995624332216,34,1,0,0
286,169,162.0,616.0776416421714,0.0,11.569356075426132,3.802948405198589,0.0,0.0,-1.7079112279931383,7.892401408950257,0.0,0.0,0.0,1.6669258820437465,51,7,0,0
286,93,575.0,8069.151733793329,0.0,19.280041493731265,14.033307363118833,0.0,0.0,-2.5452571129097077,6.095900261651268,0.0047309462639086785,0.0,0.0,3.046822618479623,1,0,0,0
286,105,292.0,1897.6054342914188,0.0,15.431137352768271,6.498648747573352,0.0,0.0,-3.877509515139213,7.528615307327381,4.8431971314116806E-4,0.0,0.0,2.270889352111346,47,2,1,0
286,158,181.0,1353.743410554498,0.0,20.59053180469118,7.479245362179547,0.0,0.0,-3.5086865912923244,17.362315513778686,0.0,0.0,0.0,2.0155564716935013,35,2,0,0
286,47,485.0,2475.7275166440413,0.0,12.841339493993553,5.104592817822765,0.0,0.0,-2.2350669163265975,2.129663621376748,2.0618556701035615E-4,0.0,0.0,2.5323495939651868,43,5,0,0
286,135,616.0,9394.243493077422,0.0,27.79964028544207,15.25039528096984,0.0,0.0,-4.400566790347834,9.970456358662826,2.2958012376113525E-4,0.0,0.0,2.631113607550935,58,5,1,0
286,187,294.0,1796.6424346376125,0.0,14.90301982820936,6.11102868924358,0.0,0.0,-1.637487964471255,2.4419929145352146,0.0,0.0,0.0,1.9039979587512574,96,4,2,0
286,126,254.0,1615.8837245048394,0.0,18.90423233035394,6.361746946869446,0.0,0.0,-3.4444989543914,13.1,0.0,0.0,0.0,2.0284578371265676,61,5,1,0
286,63,248.0,1771.9146158535852,0.0,14.011780757633844,7.144816999409618,0.0,0.0,-1.6585324237557657,2.401515454697133,9.016403135079797E-4,0.0,0.0,2.2952144992186385,39,3,0,0
286,73,428.0,3180.373323122799,0.0,17.967192323788385,7.430778792342988,0.0,0.0,-2.5991848121050016,16.527552752903258,0.0,0.0,0.0,2.426606861874058,62,3,1,0
286,180,195.0,1537.9625109102587,0.0,21.63746750430829,7.886987235437224,0.0,0.0,-2.4809578870047533,16.693112352104983,0.0,0.0,0.0,2.0077682817032376,49,8,0,0
286,199,293.0,2031.9904574394577,0.0,15.449595463959577,6.935121015151733,0.0,0.0,-3.080584360149872,9.192388155425117,0.0,0.0,0.0,2.246865023402563,62,1,2,0
286,130,174.0,866.9081431560818,0.0,17.08478855590551,4.9822307077935735,0.0,0.0,-2.6244632342679193,6.9,0.006944279295169296,0.0,0.0,1.7683442666359561,43,2,0,0
286,125,200.0,1692.0221770914213,0.0,17.82189664429687,8.460110885457107,0.0,0.0,-1.9392447834156719,8.980534505250787,0.0,0.0,0.0,2.3346565546627853,31,1,0,0
286,75,1491.0,14516.129162263493,0.0,20.44627105366664,9.735834448198185,0.0,0.0,-2.2535381040360862,6.435060217278467,0.0,0.0,0.0,2.214352728763108,339,15,10,0
286,46,190.0,848.1288950980033,0.0,18.13201588351393,4.463836289989492,0.0,0.0,-9.405001552263478,8.884514962511563,7.443229275648504E-4,0.0,0.0,1.7626339160835578,57,6,1,0
286,160,179.0,1363.1290445580296,0.0,22.826519664635715,7.615246058983406,0.0,0.0,-7.035938156473607,21.02379604162864,1.2404726532124654E-18,0.0,0.0,1.7723054834301963,50,3,0,0
286,57,358.0,1329.0146169573252,0.0,15.503870484495147,3.712331332283031,0.0,0.0,-2.413776741499442,3.5535497026171647,6.245999937148833E-4,0.0,0.0,1.6690811974404274,109,8,2,0
286,154,253.0,1921.4688414338075,0.0,15.035956903370042,7.594738503690938,0.0,0.0,-2.1467193763413235,3.512536632870906,3.952569169959126E-4,0.0,0.0,2.658096680793856,16,1,0,0
286,185,194.0,1337.7204900998317,0.0,18.278949641595908,6.895466443813565,0.0,0.0,-4.804154067686774,13.277424449041312,0.0,0.0,0.0,1.9596627820095551,59,3,1,0
286,68,1410.0,13946.699813973091,0.0,21.53415891090255,9.891276463810703,0.0,0.0,-3.5014412895849834,2.977417250974792,0.0011101046696806024,0.0,0.0,2.4103253459578573,183,12,1,0
286,31,969.0,3869.305877235837,0.0,16.69311235210498,3.9930917205736196,0.0,0.0,-3.516649960034563,10.4546640309481,0.0,0.0,0.0,1.4506003357207158,398,18,10,0
286,190,264.0,454.0413526273595,0.0,5.80517010948,1.7198536084369678,0.0,0.0,-3.5114099732158857,2.3481879299133332,3.7878787878785727E-4,0.0,0.0,2.0142185524275105,31,2,0,0
286,95,360.0,2086.4437980705443,0.0,14.665946952038247,5.795677216862623,0.0,0.0,-2.05463759529263,2.4738633753705965,-4.934324553889585E-18,0.0,0.0,2.152095260762429,78,3,2,0
286,28,176.0,1108.640446808211,0.0,12.525573839150079,6.299093447773926,0.0,0.0,-2.3108348421922216,11.321660655575222,0.0,0.0,0.0,1.9850915472351025,51,4,0,0
286,119,982.0,10669.115804677816,0.0,21.88995203283957,10.864680045496758,0.0,0.0,-2.5259654712439463,9.025519375637062,2.0366598777892933E-4,0.0,0.0,2.4977631294563043,123,10,0,0
286,118,428.0,1876.5161072211815,0.0,18.710959355415188,4.384383428086872,0.0,0.0,-2.7910516521844153,2.6076809620810595,0.0,0.0,0.0,1.3771278617610054,155,9,1,0
286,92,335.0,2505.741512218174,0.0,18.085353189805268,7.47982540960649,0.0,0.0,-4.617322470371235,12.619429464123963,0.04628406098892137,0.0,0.0,2.2521044715611898,67,2,2,0
286,102,203.0,1443.6442235378456,0.0,15.060212481900765,7.11154789920121,0.0,0.0,-2.0205439354410846,10.580170130957253,-1.093815787808036E-18,0.0,0.0,2.326063462262171,32,0,0,0
286,7,202.0,1626.671971151881,0.0,17.60454486773222,8.052831540355847,0.0,0.0,-4.263051809020422,11.229425630903835,0.0,0.0,0.0,2.03453658187908,51,3,0,0
286,25,368.0,3387.249137940184,0.0,19.688829320200814,9.204481353098327,0.0,0.0,-3.622839686054694,14.042791745233567,0.0,0.0,0.0,2.4326094196708605,58,0,1,0
286,69,248.0,1654.9526695231484,0.0,13.977839604173454,6.673196248077211,0.0,0.0,-2.440604153289881,11.815244390193545,0.0,0.0,0.0,2.1731295432484434,57,2,2,0
286,182,169.0,1381.8071789468706,0.0,18.79255171603899,8.176373839922311,0.0,0.0,-3.6519747611174598,10.412012293500233,0.0,0.0,0.0,1.8067578943179936,58,5,1,0
286,176,492.0,1669.7036440694485,0.0,17.482848738120552,3.3937065936370905,0.0,0.0,-3.383857911594273,13.001538370516005,0.021591642405021247,0.0,0.0,1.108429487582267,264,20,6,0
286,49,216.0,1723.415266194973,0.0,17.425555945220243,7.978774380532282,0.0,0.0,-1.891660366356965,7.891767862779543,9.259259259256101E-4,0.0,0.0,2.1932493720598307,40,0,1,0
286,184,594.0,1967.854614906145,0.0,17.76879286839709,3.312886557081052,0.0,0.0,-2.469227704569567,8.04114419718985,0.0,0.0,0.0,1.1606610601842529,291,23,6,0
286,172,1452.0,17179.247766425222,0.0,23.31544552437255,11.831437855664753,0.0,0.0,-2.2627416997966403,11.75457357797381,0.0,0.0,0.0,2.445685329315098,221,13,5,0
286,137,443.0,3421.8678228723934,0.0,20.0124960961895,7.72430659790608,0.0,0.0,-3.3920043680693315,14.135416513141733,0.0,0.0,0.0,2.3594526597772187,68,3,1,0
286,183,593.0,5963.655311712326,0.0,28.359301824974406,10.056754319919605,0.0,0.0,-3.7040105816626463,3.666631212042521,0.0,0.0,0.0,2.494913222399754,76,4,1,0
286,167,1107.0,14580.80552460157,0.0,23.719190542681197,13.171459371817136,0.0,0.0,-2.5737484742274184,2.471394164873189,9.03342366757206E-5,0.0,0.0,2.80795297638634,55,2,0,0
286,116,260.0,1546.9572308650468,0.0,16.175598906995692,5.949835503327103,0.0,0.0,-3.4686718008915314,13.45362404707371,3.8461538461547206E-4,0.0,0.0,2.268394325275532,42,3,0,0
286,9,270.0,20.72184035810325,0.0,1.2041594578792296,0.0767475568818639,0.0,0.0,-1.2041594578792296,1.1180339887498947,0.0,0.0,0.0,0.12939466404441138,208,9,4,0
286,45,197.0,1545.694432728854,0.0,17.641145087550274,7.846164633141391,0.0,0.0,-4.442206310567994,13.917614738165446,0.0,0.0,0.0,2.0035714188954707,59,1,2,0
286,198,167.0,1490.8464441440638,0.0,20.39607805437117,8.927224216431519,0.0,0.0,-4.752615383218779,10.628264204469138,0.0,0.0,0.0,1.9042091249654924,48,2,1,0
286,146,186.0,979.8945193160313,0.0,12.747548783981962,5.26825010384963,0.0,0.0,-1.399029232265205,9.885848471426215,0.0,0.0,0.0,1.8060857965727823,50,4,0,0
286,149,555.0,3999.0123492957555,0.0,13.609188072769095,7.205427656388749,0.0,0.0,-2.3607240909471434,6.529931086925803,0.0,0.0,0.0,2.63228641966624,56,6,0,0
286,117,194.0,1577.7333241216393,0.0,17.90027932742948,8.132646000627007,0.0,0.0,-1.927947292412548,10.700467279516348,7.289760630793927E-4,0.0,0.0,2.2807415124060637,25,1,0,0
286,177,171.0,1387.806676153164,0.0,17.76091213873874,8.11582851551558,0.0,0.0,-3.656802363336527,10.526157893552615,5.847953216375598E-4,0.0,0.0,1.9876253078035697,40,4,0,0
286,32,192.0,1411.7902133063815,0.0,18.40244548966248,7.353074027637404,0.0,0.0,-3.465421642143515,16.200308639035246,7.36569563735631E-4,0.0,0.0,2.4117910816415042,12,0,0,0
286,98,236.0,1672.990123611181,0.0,36.29325006113396,7.088941201742292,0.0,0.0,-24.40039506327915,23.562185690862332,0.0,0.0,0.0,2.149893054220848,56,4,1,0
286,153,1096.0,7130.923905530007,0.0,16.53027525481654,6.506317432052926,0.0,0.0,-3.5781383093114076,3.242560627472675,3.2415270791975372E-18,0.0,0.0,2.283789331648008,180,15,1,0
286,195,447.0,2258.012380193928,0.0,22.24454989429993,5.051481834885745,0.0,0.0,-9.292330007346166,10.749768469670707,0.0,0.0,0.0,1.9317002111744723,118,7,1,0
286,127,265.0,1784.9714226354486,0.0,14.993331851193116,6.735741217492259,0.0,0.0,-2.2089735788869254,9.550916186418975,5.336654952348723E-4,0.0,0.0,2.3167653639880488,44,6,0,0
286,16,221.0,1635.486243512155,0.0,17.26615185847735,7.400390242136448,0.0,0.0,-2.320067353820137,9.027181176868005,0.0,0.0,0.0,2.180018623754618,44,3,0,0
286,91,358.0,1987.3299277592014,0.0,16.03277892319351,5.551200915528495,0.0,0.0,-2.5112755335489787,5.544366510251645,0.0,0.0,0.0,2.027300026242725,90,5,3,0
286,18,186.0,1657.30823071216,0.0,65.07357374541527,8.910259304904086,0.0,0.0,-52.67679997156589,52.11940305489749,0.0,0.0,0.0,1.9068776004630827,44,5,0,0
286,1,589.0,6678.535310887132,0.0,481.77651457911486,11.338769627991736,0.0,0.0,-473.77089155526465,472.0348514767486,4.222240365297709E-17,0.0,0.0,2.667479955996224,52,5,0,0
286,151,229.0,1807.7673352530207,0.0,15.900314462299143,7.8941805032883,0.0,0.0,-2.416220800987391,5.671860364994893,6.175605075859427E-4,0.0,0.0,2.271506779498165,44,4,1,0
286,191,447.0,6703.032268770594,0.0,23.169160537231054,14.995597916712738,0.0,0.0,-1.859368820894776,8.256512580987206,0.002550728020355121,0.0,0.0,2.5915852695206394,51,3,1,0
286,54,977.0,414.32434047111224,0.0,13.514806694880978,0.42407813763675767,0.0,0.0,-1.6022262237369276,3.3756228654987512,0.0,0.0,0.0,0.3180466861790828,732,56,13,0
286,36,177.0,1362.2918861636747,0.0,20.218061232472294,7.696564328608331,0.0,0.0,-2.828108604946568,17.017931719218993,0.0,0.0,0.0,2.0259199731030284,41,2,0,0
286,170,211.0,1553.9253028104854,0.0,15.164432069813873,7.364574894836424,0.0,0.0,-2.3749191441015953,9.542536350467836,0.0,0.0,0.0,2.251072113454444,38,1,1,0
286,101,468.0,7533.944016174887,0.0,25.98961330993596,16.098170974732664,0.0,0.0,-3.5476152213410685,16.619265928433784,0.0,0.0,0.0,2.656172867786179,47,3,0,0
286,139,201.0,1529.5553000928614,0.0,19.90602923739438,7.609727861158515,0.0,0.0,-4.466819209155055,12.107848694132247,0.0,0.0,0.0,2.132262306898819,42,3,0,0
286,97,166.0,1166.0213902661428,0.0,31.8498037670564,7.024225242567125,0.0,0.0,-15.003142376739326,16.43471934655411,0.0,0.0,0.0,1.70244557720572,58,3,1,0
286,19,647.0,3939.2429757665104,0.0,13.55912976558604,6.088474460226446,0.0,0.0,-5.596718070628326,8.688498144098322,0.0,0.0,0.0,2.2590059978702115,135,11,3,0
286,42,572.0,7474.452302047046,0.0,22.21936092690365,13.067224304278053,0.0,0.0,-2.840608171181654,14.960280746028799,0.0,0.0,0.0,2.733720677486634,46,5,0,0
